0.007422
0.243785
0.843302
0.131672
0.697416
0.065956
0.075142
0.394341
0.717853
0.881695
0.527565
0.483521
0.601033
0.000000
0.709961
0.800094
0.336496
0.569457
0.551766
0.871483
0.395132
0.006838
0.496354
0.234939
0.299568
0.678847
0.830008
0.577741
0.162106
1.000000
0.489002
0.365627
0.551314
0.646104
0.793704
0.886924
0.743013
0.604686
0.632431
0.388633
0.596952
0.115310
0.085046
0.049859
0.630160
0.185630
0.826173
0.156577
0.435116
0.113380
0.070106
1.000000
0.749813
0.672236
0.487351
0.089844
0.885729
0.071010
0.842321
0.000000
0.506145
0.927719
0.052642
0.709065
0.918145
0.709214
0.107513
0.903034
