0.283612
0.296277
0.504606
0.000000
0.746338
0.337251
0.043448
0.933364
0.246406
0.376628
0.048750
0.631978
0.570704
0.547015
0.388325
0.172098
0.733171
0.000000
0.757883
0.912942
0.058157
0.511881
0.509786
0.875701
0.707002
0.271954
0.684079
0.704115
0.439680
0.303712
0.415011
0.187963
0.472879
0.241662
0.702037
0.155758
0.000000
0.965778
0.768220
0.151254
0.921815
0.850331
0.133516
0.290839
0.266115
0.264835
0.270214
0.829040
1.000000
0.597548
0.361712
0.145111
1.000000
0.580845
0.154917
0.814658
0.465048
0.274488
0.804557
0.299633
0.352921
0.437507
0.703519
0.294666
0.554349
0.590513
0.680441
0.738500
