0.396507
0.640331
0.744638
0.354707
0.844081
0.037442
0.381578
0.601856
0.366334
0.353683
0.654219
0.351668
0.936007
0.508862
0.835920
0.545671
0.159101
0.221527
0.792613
0.106129
0.425054
0.793241
0.973345
0.880623
0.156038
0.198205
0.663256
0.164185
0.880758
0.493681
0.737634
0.113383
0.098504
0.316921
0.169031
0.217730
0.326393
0.468415
0.620345
0.458291
0.618935
0.558841
0.363526
0.332141
0.353389
0.279140
0.054994
0.745645
0.536963
0.778236
0.745190
0.464899
0.855471
0.426925
0.522364
0.895152
0.314516
0.728102
0.649007
0.566618
0.375560
0.000000
0.903107
0.135988
0.368401
0.294117
0.864903
0.164089
