0.635000
0.135000
0.010000
0.108000
0.383000
0.618000
0.577000
0.314000
0.000000
0.000000
0.246000
0.314000
0.042000
0.114000
0.420000
0.444000
0.338000
0.300000
0.648000
0.474000
0.351000
0.469000
0.894000
0.559000
0.125000
0.751000
0.665000
1.000000
0.108000
0.137000
0.494000
0.666000
0.831000
0.408000
0.146000
0.494000
0.805000
0.925000
0.972000
0.203000
0.328000
0.694000
0.435000
0.127000
0.000000
0.931000
0.782000
0.887000
0.778000
0.842000
0.708000
0.572000
0.741000
1.000000
0.495000
0.749000
0.896000
0.891000
0.855000
0.490000
0.925000
0.007000
0.853000
0.896000
0.410000
0.798000
0.121000
0.964000
