0.223417
0.232345
0.839115
0.563416
0.556368
0.661753
0.988157
0.440277
0.542316
0.547719
0.400283
0.489976
0.327713
0.723883
0.167734
0.880994
0.599095
0.625958
0.591115
0.333916
0.686507
0.948177
0.425011
0.000000
0.233494
0.720055
0.283994
0.779247
0.959870
0.032370
0.975067
0.846294
0.042481
0.854928
0.925386
0.653936
0.450763
0.963475
0.482994
0.201456
0.772129
0.100531
0.037795
0.660226
0.436195
0.746710
0.939864
0.129919
0.875739
0.383413
0.485931
0.515486
0.742711
0.368097
0.359680
0.445835
0.676709
0.987970
0.552742
0.000000
0.727520
0.582728
0.861548
0.814800
0.315541
0.900855
0.748035
0.752018
