0.989000
0.725000
1.000000
0.004000
0.088000
0.550000
0.122000
0.315000
0.056000
0.441000
0.963000
0.012000
0.579000
1.000000
0.000000
0.200000
0.795000
0.874000
1.000000
0.759000
0.397000
0.710000
1.000000
1.000000
0.163000
0.725000
0.911000
0.753000
0.521000
1.000000
0.514000
0.868000
1.000000
0.707000
0.806000
0.000000
0.600000
0.003000
0.652000
0.431000
1.000000
0.133000
1.000000
0.503000
0.232000
0.791000
0.000000
0.974000
1.000000
0.052000
0.589000
0.706000
0.937000
1.000000
0.690000
1.000000
1.000000
0.000000
0.675000
0.000000
0.998000
0.059000
0.070000
1.000000
1.000000
0.932000
0.187000
0.345000
0.755000
0.000000
0.695000
0.910000
0.914000
0.269000
0.174000
1.000000
0.591000
0.979000
0.880000
0.635000
0.755000
1.000000
0.354000
0.661000
0.357000
0.634000
1.000000
0.000000
0.414000
0.251000
0.000000
0.000000
0.711000
0.889000
0.604000
0.496000
0.350000
0.046000
0.400000
0.353000
0.299000
0.547000
0.000000
0.025000
0.265000
0.000000
0.298000
0.000000
0.855000
0.848000
0.278000
0.953000
0.269000
0.505000
0.048000
0.347000
0.163000
0.593000
0.851000
1.000000
0.540000
0.582000
0.116000
1.000000
0.260000
0.562000
0.967000
0.716000
0.689000
0.672000
0.447000
0.072000
0.075000
0.631000
0.739000
0.978000
0.000000
0.023000
0.453000
0.910000
0.990000
0.632000
0.887000
0.794000
0.043000
1.000000
0.834000
0.523000
0.344000
0.156000
0.331000
0.481000
1.000000
0.346000
0.534000
0.939000
0.510000
0.941000
0.000000
0.220000
0.290000
0.905000
0.248000
0.366000
0.441000
0.000000
0.027000
0.536000
0.821000
1.000000
0.000000
0.283000
0.000000
0.986000
0.190000
0.000000
1.000000
