0.821672
0.271101
0.792965
0.039079
0.673469
0.540414
0.947593
0.192135
0.760592
0.962026
0.244628
0.858195
0.754234
0.707262
0.171957
0.589878
0.616181
0.535837
0.631354
0.189277
0.507366
0.815054
0.954549
0.262132
0.444895
0.520584
0.815694
0.547000
0.556868
0.291706
0.517998
0.132166
0.722047
0.239017
0.138454
0.571057
0.223289
0.719698
0.639724
0.903649
0.355564
0.255293
0.606286
0.073748
0.744982
0.392627
0.130226
0.069408
0.193302
0.532678
0.527250
0.000000
0.157859
0.774887
0.370894
1.000000
0.018945
0.704013
0.106966
0.988357
0.957848
0.582280
0.552292
0.000000
0.681087
0.487435
0.677378
0.435784
