Genetic Algorithm Run Parameters and Results
Run directory: Results\GA_20251121_150201
Timestamp: 20251121_150201

Parameters:
  chromosome_length      = 68
  population_size        = 20
  max_generations        = 200
  crossover_rate         = 0.8
  mutation_rate_start    = 0.9
  mutation_rate_end      = 0.05
  mutation_step_start    = 0.5
  mutation_step_end      = 0.02
  tournament_k           = 3
  num_cores              = 19
  death_penalty_scale    = 10.0
  training_seeds         = [0, 1, 2, 3, 4]
  validation_seeds       = [10, 11, 12]
  max_hours              = None
  gene_resolution        = 0.1
  stagnation_patience    = 20
  stagnation_boost_factor= 1.5
  stagnation_max_mut_rate= 0.7
  stagnation_max_mut_step= 0.3

Summary:
  total_time_seconds     = 11871.3521
  best_overall_training  = -9.200000
  best_validation_avg    = -18.666667
  num_generations_ran    = 200

Per generation scores:
  gen_index, training_avg, validation_avg
  0, -40.600000, -40.000000
  1, -38.000000, -18.666667
  2, -36.800000, -39.666667
  3, -36.800000, -39.666667
  4, -31.200000, -45.000000
  5, -31.200000, -45.000000
  6, -31.200000, -45.000000
  7, -31.200000, -45.000000
  8, -31.200000, -45.000000
  9, -31.200000, -45.000000
  10, -25.200000, -45.000000
  11, -25.200000, -45.000000
  12, -25.200000, -45.000000
  13, -25.200000, -45.000000
  14, -25.200000, -45.000000
  15, -25.200000, -45.000000
  16, -25.200000, -45.000000
  17, -25.200000, -45.000000
  18, -25.200000, -45.000000
  19, -25.200000, -45.000000
  20, -25.200000, -45.000000
  21, -25.200000, -45.000000
  22, -25.200000, -45.000000
  23, -25.200000, -45.000000
  24, -25.200000, -45.000000
  25, -25.200000, -45.000000
  26, -25.200000, -45.000000
  27, -25.200000, -45.000000
  28, -25.200000, -45.000000
  29, -25.200000, -45.000000
  30, -25.200000, -45.000000
  31, -25.200000, -45.000000
  32, -25.200000, -45.000000
  33, -25.200000, -45.000000
  34, -25.200000, -45.000000
  35, -25.200000, -45.000000
  36, -25.200000, -45.000000
  37, -25.200000, -45.000000
  38, -25.200000, -45.000000
  39, -25.200000, -45.000000
  40, -25.200000, -45.000000
  41, -25.200000, -45.000000
  42, -25.200000, -45.000000
  43, -25.200000, -45.000000
  44, -25.200000, -45.000000
  45, -25.200000, -45.000000
  46, -25.200000, -45.000000
  47, -23.800000, -47.000000
  48, -23.800000, -47.000000
  49, -23.800000, -47.000000
  50, -23.800000, -47.000000
  51, -23.800000, -47.000000
  52, -23.800000, -47.000000
  53, -23.800000, -47.000000
  54, -23.800000, -47.000000
  55, -23.800000, -47.000000
  56, -23.800000, -47.000000
  57, -23.800000, -47.000000
  58, -23.800000, -47.000000
  59, -23.800000, -47.000000
  60, -23.800000, -47.000000
  61, -23.800000, -47.000000
  62, -22.800000, -30.333333
  63, -22.800000, -30.333333
  64, -22.800000, -30.333333
  65, -22.800000, -30.333333
  66, -22.800000, -30.333333
  67, -22.800000, -30.333333
  68, -22.800000, -30.333333
  69, -22.800000, -30.333333
  70, -22.800000, -30.333333
  71, -22.800000, -30.333333
  72, -22.800000, -30.333333
  73, -22.800000, -30.333333
  74, -22.800000, -30.333333
  75, -22.800000, -30.333333
  76, -22.800000, -30.333333
  77, -22.800000, -30.333333
  78, -22.800000, -30.333333
  79, -22.800000, -30.333333
  80, -22.800000, -30.333333
  81, -22.800000, -30.333333
  82, -22.800000, -30.333333
  83, -22.800000, -30.333333
  84, -22.800000, -30.333333
  85, -22.800000, -30.333333
  86, -22.800000, -30.333333
  87, -22.800000, -30.333333
  88, -22.800000, -30.333333
  89, -22.800000, -30.333333
  90, -22.800000, -30.333333
  91, -22.800000, -30.333333
  92, -22.000000, -21.000000
  93, -22.000000, -21.000000
  94, -22.000000, -21.000000
  95, -22.000000, -21.000000
  96, -19.600000, -40.666667
  97, -19.600000, -40.666667
  98, -18.200000, -49.000000
  99, -18.200000, -49.000000
  100, -18.200000, -49.000000
  101, -18.200000, -49.000000
  102, -18.200000, -49.000000
  103, -18.200000, -49.000000
  104, -18.200000, -49.000000
  105, -18.200000, -49.000000
  106, -18.200000, -49.000000
  107, -18.200000, -49.000000
  108, -18.200000, -49.000000
  109, -18.200000, -49.000000
  110, -18.200000, -49.000000
  111, -18.200000, -49.000000
  112, -18.200000, -49.000000
  113, -9.200000, -33.666667
  114, -9.200000, -33.666667
  115, -9.200000, -33.666667
  116, -9.200000, -33.666667
  117, -9.200000, -33.666667
  118, -9.200000, -33.666667
  119, -9.200000, -33.666667
  120, -9.200000, -33.666667
  121, -9.200000, -33.666667
  122, -9.200000, -33.666667
  123, -9.200000, -33.666667
  124, -9.200000, -33.666667
  125, -9.200000, -33.666667
  126, -9.200000, -33.666667
  127, -9.200000, -33.666667
  128, -9.200000, -33.666667
  129, -9.200000, -33.666667
  130, -9.200000, -33.666667
  131, -9.200000, -33.666667
  132, -9.200000, -33.666667
  133, -9.200000, -33.666667
  134, -9.200000, -33.666667
  135, -9.200000, -33.666667
  136, -9.200000, -33.666667
  137, -9.200000, -33.666667
  138, -9.200000, -33.666667
  139, -9.200000, -33.666667
  140, -9.200000, -33.666667
  141, -9.200000, -33.666667
  142, -9.200000, -33.666667
  143, -9.200000, -33.666667
  144, -9.200000, -33.666667
  145, -9.200000, -33.666667
  146, -9.200000, -33.666667
  147, -9.200000, -33.666667
  148, -9.200000, -33.666667
  149, -9.200000, -33.666667
  150, -9.200000, -33.666667
  151, -9.200000, -33.666667
  152, -9.200000, -33.666667
  153, -9.200000, -33.666667
  154, -9.200000, -33.666667
  155, -9.200000, -33.666667
  156, -9.200000, -33.666667
  157, -9.200000, -33.666667
  158, -9.200000, -33.666667
  159, -9.200000, -33.666667
  160, -9.200000, -33.666667
  161, -9.200000, -33.666667
  162, -9.200000, -33.666667
  163, -9.200000, -33.666667
  164, -9.200000, -33.666667
  165, -9.200000, -33.666667
  166, -9.200000, -33.666667
  167, -9.200000, -33.666667
  168, -9.200000, -33.666667
  169, -9.200000, -33.666667
  170, -9.200000, -33.666667
  171, -9.200000, -33.666667
  172, -9.200000, -33.666667
  173, -9.200000, -33.666667
  174, -9.200000, -33.666667
  175, -9.200000, -33.666667
  176, -9.200000, -33.666667
  177, -9.200000, -33.666667
  178, -9.200000, -33.666667
  179, -9.200000, -33.666667
  180, -9.200000, -33.666667
  181, -9.200000, -33.666667
  182, -9.200000, -33.666667
  183, -9.200000, -33.666667
  184, -9.200000, -33.666667
  185, -9.200000, -33.666667
  186, -9.200000, -33.666667
  187, -9.200000, -33.666667
  188, -9.200000, -33.666667
  189, -9.200000, -33.666667
  190, -9.200000, -33.666667
  191, -9.200000, -33.666667
  192, -9.200000, -33.666667
  193, -9.200000, -33.666667
  194, -9.200000, -33.666667
  195, -9.200000, -33.666667
  196, -9.200000, -33.666667
  197, -9.200000, -33.666667
  198, -9.200000, -33.666667
  199, -9.200000, -33.666667
