0.350098
0.251574
0.261862
0.389452
0.517319
0.048326
0.915164
0.301351
0.421417
0.441961
0.971327
0.482984
0.693580
0.883912
0.226092
0.732071
0.412821
0.470669
0.821747
0.974196
0.232946
0.338803
0.508040
0.470678
0.593918
0.199301
0.664731
0.193800
0.970963
0.030238
0.145729
0.640847
0.929218
0.157469
0.488300
0.589215
0.367033
0.095355
0.090915
0.778148
0.769468
0.165556
0.658805
0.558165
0.627974
0.595832
0.752056
0.615977
0.875542
0.548253
0.039241
0.013832
0.724708
0.458764
0.612852
0.921674
0.725875
0.138987
0.962316
0.322554
0.384433
0.616262
0.194619
0.166870
0.161236
0.617081
0.486306
0.179775
